0.000000000000000000e+00 4.549560546875000000e-01
1.000000000000000056e-01 4.097900390625000000e-01
2.000000000000000111e-01 3.741455078125000000e-01
3.000000000000000444e-01 3.360595703125000000e-01
4.000000000000000222e-01 2.901611328125000000e-01
5.000000000000000000e-01 2.526855468750000000e-01
6.000000000000000888e-01 2.149658203125000000e-01
7.000000000000000666e-01 1.894531250000000000e-01
8.000000000000000444e-01 1.572265625000000000e-01
9.000000000000000222e-01 1.285400390625000000e-01
1.000000000000000000e+00 1.044921875000000000e-01
1.100000000000000089e+00 8.483886718750000000e-02
1.200000000000000178e+00 6.689453125000000000e-02
1.300000000000000044e+00 5.395507812500000000e-02
1.400000000000000133e+00 4.260253906250000000e-02
1.500000000000000000e+00 3.515625000000000000e-02
1.600000000000000089e+00 3.955078125000000000e-02
1.700000000000000178e+00 3.845214843750000000e-02
1.800000000000000044e+00 4.919433593750000000e-02
1.900000000000000133e+00 6.286621093750000000e-02
2.000000000000000000e+00 7.348632812500000000e-02
2.100000000000000089e+00 9.606933593750000000e-02
2.200000000000000178e+00 1.254882812500000000e-01
2.300000000000000266e+00 1.447753906250000000e-01
2.400000000000000355e+00 1.799316406250000000e-01
2.500000000000000000e+00 2.114257812500000000e-01
2.600000000000000089e+00 2.420654296875000000e-01
2.700000000000000178e+00 2.825927734375000000e-01
2.800000000000000266e+00 3.177490234375000000e-01
2.900000000000000355e+00 3.643798828125000000e-01
3.000000000000000000e+00 4.012451171875000000e-01
3.100000000000000089e+00 4.359130859375000000e-01
3.200000000000000178e+00 4.956054687500000000e-01
3.300000000000000266e+00 5.339355468750000000e-01
3.400000000000000355e+00 5.700683593750000000e-01
3.500000000000000000e+00 6.199951171875000000e-01
3.600000000000000089e+00 6.523437500000000000e-01
3.700000000000000178e+00 6.849365234375000000e-01
3.800000000000000266e+00 7.095947265625000000e-01
3.900000000000000355e+00 7.423095703125000000e-01
4.000000000000000000e+00 7.785644531250000000e-01
4.100000000000000533e+00 8.076171875000000000e-01
4.200000000000000178e+00 8.305664062500000000e-01
4.299999999999999822e+00 8.458251953125000000e-01
4.400000000000000355e+00 8.562011718750000000e-01
4.500000000000000000e+00 8.751220703125000000e-01
4.600000000000000533e+00 8.811035156250000000e-01
4.700000000000000178e+00 8.813476562500000000e-01
4.800000000000000711e+00 8.787841796875000000e-01
4.900000000000000355e+00 8.751220703125000000e-01
5.000000000000000000e+00 8.615722656250000000e-01
5.100000000000000533e+00 8.477783203125000000e-01
5.200000000000000178e+00 8.333740234375000000e-01
5.300000000000000711e+00 8.120117187500000000e-01
5.400000000000000355e+00 7.800292968750000000e-01
5.500000000000000000e+00 7.509765625000000000e-01
5.600000000000000533e+00 7.260742187500000000e-01
5.700000000000000178e+00 6.945800781250000000e-01
5.800000000000000711e+00 6.606445312500000000e-01
5.900000000000000355e+00 6.188964843750000000e-01
6.000000000000000000e+00 5.832519531250000000e-01
6.100000000000000533e+00 5.395507812500000000e-01
6.200000000000000178e+00 4.881591796875000000e-01
