0.000000000000000000e+00 4.965137100000001080e-01
1.000000000000000056e-01 4.501617499999999161e-01
2.000000000000000111e-01 4.081000700000000370e-01
3.000000000000000444e-01 3.513294000000000139e-01
4.000000000000000222e-01 3.058704300000000265e-01
5.000000000000000000e-01 2.689743600000001900e-01
6.000000000000000888e-01 2.218765500000001722e-01
7.000000000000000666e-01 1.797074700000000913e-01
8.000000000000000444e-01 1.324464299999998929e-01
9.000000000000000222e-01 1.165207500000001728e-01
1.000000000000000000e+00 8.120030999999994226e-02
1.100000000000000089e+00 5.672015000000008023e-02
1.200000000000000178e+00 3.272374999999994039e-02
1.300000000000000044e+00 1.811669999999987457e-02
1.400000000000000133e+00 5.811440000000001049e-03
1.500000000000000000e+00 3.343499999999277605e-04
1.600000000000000089e+00 -1.209999999751687483e-06
1.700000000000000178e+00 2.797950000000049009e-03
1.800000000000000044e+00 1.452821999999998059e-02
1.900000000000000133e+00 2.286291000000006957e-02
2.000000000000000000e+00 5.012882999999990208e-02
2.100000000000000089e+00 6.482264000000004245e-02
2.200000000000000178e+00 9.539510000000006595e-02
2.300000000000000266e+00 1.276310400000000289e-01
2.400000000000000355e+00 1.607827099999999954e-01
2.500000000000000000e+00 2.073657500000001264e-01
2.600000000000000089e+00 2.390408700000000719e-01
2.700000000000000178e+00 2.812538299999999269e-01
2.800000000000000266e+00 3.218292600000001169e-01
2.900000000000000355e+00 3.796552800000000394e-01
3.000000000000000000e+00 4.382419099999999013e-01
3.100000000000000089e+00 4.663697099999999374e-01
3.200000000000000178e+00 5.298076700000000638e-01
3.300000000000000266e+00 5.869347499999999496e-01
3.400000000000000355e+00 6.302399599999999324e-01
3.500000000000000000e+00 6.696996600000000299e-01
3.600000000000000089e+00 7.120564400000000127e-01
3.700000000000000178e+00 7.610023099999999596e-01
3.800000000000000266e+00 8.054250299999999863e-01
3.900000000000000355e+00 8.424693899999999847e-01
4.000000000000000000e+00 8.739353100000000207e-01
4.100000000000000533e+00 9.101389500000000021e-01
4.200000000000000178e+00 9.320492000000000221e-01
4.299999999999999822e+00 9.588385200000000275e-01
4.400000000000000355e+00 9.745502999999999805e-01
4.500000000000000000e+00 9.913291499999999923e-01
4.600000000000000533e+00 9.959037499999999765e-01
4.700000000000000178e+00 9.999801499999999566e-01
4.800000000000000711e+00 9.980922800000000539e-01
4.900000000000000355e+00 9.922630700000000248e-01
5.000000000000000000e+00 9.756267899999999660e-01
5.100000000000000533e+00 9.643165399999999998e-01
5.200000000000000178e+00 9.439204399999999717e-01
5.300000000000000711e+00 9.177395099999999806e-01
5.400000000000000355e+00 8.908748699999999854e-01
5.500000000000000000e+00 8.556715799999999872e-01
5.600000000000000533e+00 8.070115099999999320e-01
5.700000000000000178e+00 7.695870400000000000e-01
5.800000000000000711e+00 7.348217400000001120e-01
5.900000000000000355e+00 6.904254699999998746e-01
6.000000000000000000e+00 6.584734000000000975e-01
6.100000000000000533e+00 5.965147100000000036e-01
6.200000000000000178e+00 5.348630399999998453e-01
